63,97
63,96
63,95
63,94
63,93
63,92
63,91
63,90
63,89
63,88
63,87
63,86
63,85
63,84
63,83
63,82
63,81
63,80
63,79
63,78
63,77
63,76
63,75
63,74
63,73
63,72
63,71
63,70
63,69
63,68
70,6
70,5
70,4
70,3
70,2
70,1
70,0
69,5
69,4
69,3
69,2
69,1
69,0
68,5
68,4
68,3
68,2
68,1
68,0
67,5
67,4
67,3
67,2
67,1
67,0
66,5
66,4
66,3
66,2
66,1
66,0
65,17
65,16
65,15
65,14
65,13
65,12
65,11
65,10
65,9
65,8
65,7
65,6
65,5
65,4
65,3
65,2
65,1
65,0
64,7
64,6
64,5
64,4
64,3
64,2
64,1
64,0
63,67
63,66
63,65
63,64
63,36
63,35
63,34
63,33
63,32
63,31
63,30
63,29
63,28
63,27
63,26
63,25
63,24
63,23
63,22
63,21
63,20
63,19
63,18
63,17
63,16
63,15
63,14
63,13
63,12
63,11
63,10
63,9
63,8
63,7
63,6
63,5
63,4
63,3
63,2
63,1
63,0
62,4
62,3
62,2
62,1
62,0
61,8
61,7
61,6
61,5
61,4
61,3
61,2
61,1
61,0
14,5
14,4
60,5
60,4
60,3
60,2
60,1
60,0
59,6
59,5
59,4
59,3
59,2
59,1
59,0
58,6
58,5
58,4
58,3
58,2
58,1
58,0
57,6
57,5
57,4
57,3
57,2
57,1
57,0
56,5
56,4
56,3
56,2
56,1
56,0
55,6
55,5
55,4
55,3
55,2
55,1
55,0
54,5
54,4
54,3
54,2
54,1
54,0
53,18
53,17
53,16
53,15
53,14
53,13
53,12
53,11
53,10
53,9
53,8
53,7
53,6
53,5
53,4
53,3
53,2
53,1
53,0
52,8
52,7
52,6
52,5
52,4
52,3
52,2
52,1
52,0
51,67
51,66
51,65
51,64
51,37
51,36
51,35
51,34
51,33
51,32
51,31
51,30
51,29
51,28
51,27
51,26
51,25
51,24
51,23
51,22
51,21
51,20
51,19
51,18
51,17
51,16
51,15
51,14
51,13
51,12
